Photon Energy (eV),v=0,v=1,v=2,v=3,v=4
1.0,0.0,0.0,0.0,0.0,0.0
1.0816326530612246,1.0,0.0,0.0,0.0,0.0
1.163265306122449,0.9999999999999999,0.0,0.0,0.0,0.0
1.2448979591836735,1.0,0.0,0.0,0.0,0.0
1.3265306122448979,0.6894895906014714,0.3105104093985285,0.0,0.0,0.0
1.4081632653061225,0.4113738821952163,0.5886261178047838,0.0,0.0,0.0
1.489795918367347,0.3184932058602027,0.6815067941397974,0.0,0.0,0.0
1.5714285714285714,0.2512602766473421,0.641781844424465,0.10695787892819303,0.0,0.0
1.6530612244897958,0.173557078907365,0.485841007182058,0.340601913910577,0.0,0.0
1.7346938775510203,0.13748741668836517,0.4072173037738035,0.45529527953783133,0.0,0.0
1.816326530612245,0.11638438514793312,0.3589911888242715,0.4901393682425077,0.03448505778528768,0.0
1.8979591836734693,0.08985858377365892,0.2862262688023083,0.4321731424503809,0.19174200497365188,0.0
1.9795918367346939,0.07389546974932498,0.241720198647554,0.38765324299630094,0.29673108860682024,0.0
2.061224489795918,0.0647053853358248,0.21642983356196402,0.3621389108379832,0.3477128755641208,0.009012994700107099
2.142857142857143,0.05386139224571955,0.18357157343849256,0.3175369681157251,0.34074977126364264,0.10428029493641995
2.224489795918367,0.04595581887489048,0.15913089718271983,0.2828953269432048,0.3238781737170537,0.1881397832821312
2.3061224489795915,0.04118720607666331,0.14455171241277964,0.2629341272236446,0.31473069399740883,0.2365962602895036
2.387755102040816,0.038130740637850755,0.13537067054237067,0.2510288607351177,0.31100208089600534,0.2644676471886554
2.4693877551020407,0.035963999138004,0.1289373252796206,0.24302366261331843,0.30969367670805453,0.28238133626100237
2.5510204081632653,0.034303847161230396,0.12401523362863008,0.2369973034035308,0.3092197868923999,0.29546382891420886
2.63265306122449,0.032974536704090576,0.12004625214623571,0.2321301391767236,0.3089360908980028,0.30591298107494735
2.7142857142857144,0.03188914423671343,0.11676334445914163,0.22806533889843217,0.3086480900192638,0.31463408238644897
2.7959183673469385,0.030997961608523007,0.11402068240256982,0.2246234684326906,0.3083323823660791,0.3220255051901376
2.877551020408163,0.030267473195378772,0.1117247377235301,0.22169118910776733,0.3080071407984023,0.32830945917492144
2.9591836734693877,0.029672148655224315,0.10980761545102266,0.21918432215306807,0.30768478422674106,0.333651129513944
3.0408163265306123,0.0291912879353551,0.10821663235287082,0.21703814270938948,0.30736398351361816,0.3381899534887664
3.1224489795918364,0.02880770263272938,0.1069094710032429,0.21520472255958825,0.3070362838705116,0.34204181993392796
3.204081632653061,0.028506997683922498,0.10585103331149229,0.21365010794790437,0.3066945729739712,0.3452972880827096
3.2857142857142856,0.028277051401473265,0.10501096533706498,0.2123500101629011,0.30633820552412905,0.3480237675744316
3.36734693877551,0.028107606857726834,0.10436182229057266,0.21128491447785688,0.3059739130973316,0.35027174327651206
3.4489795918367343,0.027989972965626872,0.10387800784119204,0.21043588940822944,0.30561361765050293,0.3520825121344487
3.530612244897959,0.027916831539202012,0.1035354876068716,0.20978196076261335,0.30527081113958116,0.35349490895173197
3.6122448979591835,0.027882124689776598,0.10331210637224551,0.2092993058739743,0.30495696240073306,0.35454950066327057
3.693877551020408,0.02788098200686584,0.10318823534399808,0.2089620168016767,0.304678919635878,0.35528984621158133
3.7755102040816326,0.027909645484281518,0.10314745756379172,0.20874387965875227,0.3044377430289941,0.3557612742641803
3.8571428571428568,0.027965359932297824,0.10317704868597936,0.20862052172691356,0.30422895172001047,0.3560081179347987
3.9387755102040813,0.028046212896735465,0.10326809930798078,0.20857134499389693,0.30404385921677485,0.3560704835846118
4.020408163265306,0.02815092589629831,0.10341522736699262,0.2085808345838087,0.30387151745026114,0.35598149470263923
4.1020408163265305,0.028278613845859585,0.10361592265129545,0.20863904237024952,0.3037007774995662,0.3557656436330293
4.183673469387754,0.02842853894598688,0.10386963440098657,0.20874124742019237,0.30352206678897814,0.3554385124438559
4.26530612244898,0.0285998878933092,0.10417674921503921,0.20888694916978257,0.30332862909945685,0.35500778462241217
4.346938775510203,0.028791597519175524,0.10453760989169648,0.20907843913447768,0.3031171282983633,0.35447522515628693
4.428571428571429,0.029002245678629027,0.10495170259656827,0.20931922317763402,0.30288764576580396,0.35383918278136456
4.5102040816326525,0.02923001373400689,0.10541709952902201,0.20961254185659864,0.30264318893076425,0.3530971559496082
4.591836734693877,0.029472716545695984,0.10593019715953964,0.20996017925174143,0.3023888729389378,0.35224803410408495
4.673469387755102,0.02972788719904487,0.10648574460951352,0.21036167840661293,0.3021309470515259,0.3512937427333028
4.755102040816326,0.02999289778903888,0.10707711878500195,0.21081400770648442,0.30187582257648954,0.3502401531429852
4.836734693877551,0.03026509486939398,0.10769677595398193,0.21131165645882233,0.30162922946470794,0.349097243253094
4.918367346938775,0.030541928593989305,0.10833679510761224,0.21184708536790067,0.30139559111124875,0.34787859981924907
5.0,0.030821057733034656,0.10898942670040929,0.2124114218770178,0.3011776662153617,0.3466004274741766
